82.2129 -12.1896 -1.7888 -0.3403 0.2169 -0.5996 -0.1920 -0.9365 -1.3452 0.2033 0.6598 -0.2768 0.3359 -0.7369 -0.1927 0.6827 0.0061 0.4612 1.1803 1.3328 1.1785 1.2660 1.0957 0.0907 0.4819 -0.6901 0.2192 -0.3652 -0.8209 0.3619 0.1261 -0.0818 0.1947 -0.3841 -0.1368 -0.0622 -0.2603 -0.1694 0.3305 -0.2897 
84.5772 -10.9381 -0.8952 -0.4240 -0.7297 -0.6455 0.9672 -0.6413 -0.6087 0.3048 1.0637 0.6897 0.7201 -0.5599 -1.3721 -0.1761 -1.1782 -0.1765 0.5093 0.4170 -0.4653 -0.3907 -0.0057 -0.3366 0.3796 -0.5878 0.2761 -0.2628 -0.6938 -0.0916 0.1343 -0.1919 -0.0734 0.2308 0.7121 -0.2438 0.0058 0.6262 0.1529 0.1898 
84.5736 -10.4301 -0.3011 -0.8024 0.0707 0.9834 -0.4175 -0.4887 0.2036 -0.1304 -0.2087 0.0774 0.3676 -0.9181 -0.1189 0.5666 -0.5232 0.7414 0.2092 -0.4446 -0.0993 -0.2682 -0.3486 -0.1330 0.3273 -0.2767 -0.0000 0.6509 0.4028 0.0883 0.7044 -0.6308 0.3527 0.9301 -0.2374 -0.0001 0.1198 -0.2282 -0.1953 -0.1509 
82.0001 -11.7986 -0.4768 -0.4588 0.5551 -0.3182 -0.1298 -0.6102 0.8146 -0.8741 -0.7348 -1.1754 0.3460 -0.6161 -0.6163 -0.4157 -0.0190 0.5344 0.0703 1.0399 0.9749 0.4169 -0.4512 0.0137 0.8175 0.0260 -0.9811 -0.5234 0.1871 -0.7696 0.2566 0.1525 -0.0860 -0.2348 -0.4254 -0.0522 -0.1342 0.3175 0.1438 -0.2688 
81.8133 -13.8296 -1.7000 -0.4205 1.6597 0.6122 0.5407 -0.5332 0.4219 -1.2078 -1.0447 -0.9589 0.7613 -0.3059 0.7276 0.8900 1.4504 0.0744 -0.0367 0.0972 -0.1139 0.0409 -0.8936 -0.2593 0.2561 -0.1980 0.3191 0.1828 0.4578 -0.6211 -0.4371 -0.0012 0.4584 0.7580 0.2246 -0.4520 0.3547 0.2692 0.1806 0.0470 
89.8245 -12.9292 -2.1427 0.4246 -0.4013 -1.3369 -1.0035 -0.7758 0.2465 -2.7733 1.8405 -0.5367 -2.2030 -0.9460 0.3957 -0.1238 0.7523 0.5071 0.8767 -0.9981 -0.0282 1.5382 -0.7465 -0.2205 1.3879 0.3063 0.1912 0.5685 1.1158 0.5886 0.2104 -0.0599 0.3429 -0.0931 -0.0022 0.0526 0.3530 -0.4392 -0.0549 -0.0111 
92.4481 -15.5062 -1.8214 1.9098 -1.0983 -0.0872 -0.9776 -0.4318 2.6420 -4.8896 3.0288 -0.5470 -3.8176 0.2021 0.3791 0.0920 0.1461 -0.3511 1.6610 -0.8502 -0.7963 1.7025 -0.5030 -0.1708 1.3918 0.0861 -0.6667 0.3503 -0.1401 -0.4016 0.1501 -0.2426 0.6009 -0.5784 0.2110 -0.1107 -0.0636 -0.1091 -0.4783 0.1304 
93.0709 -13.8951 0.2663 3.5978 -0.9401 0.6978 -0.3330 -0.4073 1.9453 -4.8094 2.9897 0.1737 -3.3367 -0.1690 0.0695 0.2930 1.1161 0.1319 0.5588 -2.1145 -0.7565 2.2756 -1.8944 -1.0331 1.2368 -0.6402 -0.4618 0.4756 -0.5904 0.6993 0.1758 -0.7531 0.9099 -0.0074 -0.0595 0.4795 0.3755 -0.3191 0.0741 0.3823 
88.2967 -13.2007 -0.4057 0.3714 0.0641 0.6722 0.1214 -0.7555 1.7781 -4.0686 1.3849 0.0472 -0.9796 0.8879 -1.7632 -0.8793 0.5172 -0.4924 0.2943 0.1833 0.9520 0.7691 -0.6558 0.3347 -0.0773 -0.6772 -0.1034 0.3001 0.3122 1.0493 0.0876 -0.3507 0.0456 0.8675 0.8143 -0.5237 0.0625 -0.5884 -0.5249 0.1981 
104.9352 -11.3670 4.0644 -2.7999 1.4684 -1.3999 0.8971 -0.5681 0.3075 -0.5020 0.0083 0.4959 -0.3584 -0.1712 -0.2499 0.4923 -0.8339 0.7687 -0.4352 0.3018 -0.3803 0.4948 -0.2790 -0.1455 0.4114 -0.2712 0.3122 -0.0251 0.3093 0.3017 -0.1976 0.1545 0.0431 0.1173 0.0573 0.0597 -0.2393 0.2853 -0.1007 0.1658 
107.2502 -28.4839 7.1563 -2.0150 4.1647 -2.9949 2.3651 -0.2225 -0.7410 0.8942 1.2952 -1.1540 0.5881 -1.1197 -0.3545 0.7224 -1.6724 -1.4348 -1.7287 1.3340 0.2938 0.0015 0.6503 -0.1775 -0.7879 0.0361 -0.4571 0.0784 -0.0359 -0.1320 0.7899 0.4236 0.9051 -0.0305 -0.2064 0.2757 -0.2384 -0.1736 -0.1413 0.2175 
106.5258 -28.6487 5.4415 -2.5594 0.2313 -2.6232 4.0882 0.3928 -0.6912 2.2915 1.0007 -0.5969 1.4898 -0.8269 0.8588 0.4723 -0.1602 0.4209 0.6133 1.6660 0.7703 0.2081 0.4965 1.0969 -0.8170 0.7158 -1.0307 -0.6449 0.1007 -0.1742 0.3028 -0.2918 0.6933 -0.2960 -0.6402 -0.2579 -0.0721 -0.6443 -0.5004 -0.0426 
104.4101 -23.1379 -0.1575 1.5196 -0.5261 -3.2873 1.8593 -0.4141 -0.9158 1.3862 2.3090 -1.4033 0.6802 2.0329 1.3203 0.3318 0.9480 0.5355 0.2940 -0.9534 -0.4759 0.0815 0.4611 0.8605 0.0368 0.1217 -0.3958 -0.3227 -0.4231 -0.1958 -0.2616 -0.3673 -0.2365 -1.1118 -0.0298 -0.3390 0.4454 -0.2453 -0.8504 -0.2715 
101.3220 -20.7334 1.9844 2.4195 -1.0596 -1.3831 0.4597 0.7637 -1.0887 0.5013 2.2059 -1.4767 1.0278 0.3410 -0.1001 0.7100 0.0632 0.7003 -0.6288 -0.2101 -0.0364 0.2860 0.1443 0.3425 -0.2228 -0.1863 0.0546 -0.5789 -0.4432 -0.2274 -0.5679 -0.0665 0.7003 -0.3982 0.1624 -0.3675 0.0789 -0.0954 -0.6406 0.2164 
92.8678 -18.0490 1.2446 1.9616 -1.0211 -0.8963 0.5294 -0.7768 -0.9499 -0.4254 0.7331 -1.0333 -0.7859 -0.8650 -0.8900 0.7107 0.7489 1.2822 0.4879 -0.1923 0.7622 0.6826 -1.0362 0.3624 0.9236 0.2543 -0.0549 -0.1763 0.7787 0.1323 0.2050 -0.4304 0.6563 -0.2417 -0.6991 -0.0210 0.0396 -0.1124 -0.7779 0.0148 
93.3018 -15.9303 1.7719 0.9723 -3.2035 0.0730 1.3638 0.0742 0.2349 -0.5325 1.3172 -2.2809 0.2777 -0.6639 -1.0670 0.8615 1.0902 -0.0110 -0.4922 -0.7906 0.1012 0.1785 -0.5895 -0.0802 0.1455 -0.3939 -0.4485 -0.6790 0.6371 0.1470 -0.0440 -0.1172 0.5127 -0.0520 -0.0418 0.1916 0.5480 0.3902 0.2184 -0.1778 
94.3915 -18.8044 1.0881 2.4818 -2.4481 0.7548 1.6769 -2.9675 0.6219 -2.1135 -0.6316 -0.1468 0.0748 0.2593 -0.1274 -0.2117 0.2416 1.0095 -0.4824 0.4840 0.2843 0.0229 0.3182 -1.2374 -0.3137 -0.5273 -0.6475 -0.2550 0.5036 -0.8416 0.1957 0.0179 0.0569 0.2810 0.1194 -0.2226 -0.0969 -0.3768 -0.3740 0.0110 
96.6017 -19.4023 0.6855 2.2301 -1.9017 1.7846 1.6207 -1.9595 2.3305 -1.4513 0.0101 -0.5522 -1.5072 -1.9364 0.1106 -0.6273 0.2236 0.6247 0.3664 2.2684 1.0412 0.3147 0.9011 -1.0224 -0.7145 -0.2494 -0.3542 0.0950 0.2588 -0.3748 -0.1382 -0.4009 0.1253 -0.1972 0.4916 -0.2582 0.0401 0.0468 -0.4122 0.0901 
96.2906 -18.3720 2.2235 1.7109 -1.2818 1.6664 0.5431 -1.1111 0.1956 -1.6227 0.5347 -1.7343 0.3187 -0.3198 0.1217 0.3068 0.7956 1.9536 -1.3782 0.7238 -0.7141 -1.0423 0.4965 -0.3360 -0.1055 -0.1429 0.4051 1.1983 -0.1144 0.5696 -0.1041 0.0814 0.3579 -0.3703 0.3334 -0.3184 0.2267 0.2257 0.4315 -0.0249 
97.4631 -21.1761 0.9396 1.4827 -1.6503 0.8420 0.4814 -1.2841 0.1766 -0.2345 1.3562 -2.5287 1.6603 0.0884 -0.1592 0.6822 -0.4561 1.2323 -1.7713 0.9935 -0.7584 -0.2105 0.8098 -0.5565 -0.2834 0.4123 1.3969 0.9088 0.4285 0.3446 0.1760 0.1247 0.2281 -0.3877 0.6093 -0.3178 -0.5124 0.0955 -0.3014 -0.5390 
103.0375 -21.5832 2.4751 1.5737 -2.9471 0.4789 1.0512 -0.9871 -1.6606 -0.6638 -0.3502 -3.2010 1.9274 0.3085 -0.6347 1.1498 -0.1707 0.5185 0.0415 -0.1269 -1.0356 0.3520 1.8071 -0.1506 0.1561 0.1660 0.4372 0.1502 -0.3965 -0.3293 -0.4188 0.3470 -0.2716 -0.7056 0.7473 0.1364 -0.2529 0.0588 0.0807 0.3355 
111.3457 -23.2089 2.1834 3.1927 -3.4865 0.2434 1.6802 -1.4724 -2.6238 0.5825 1.9751 -2.5566 2.6228 1.9774 -1.8044 -0.3024 0.0039 0.1515 -1.2579 1.3712 -0.4030 -0.3162 1.3425 -0.3549 -0.4747 0.3121 0.4084 -0.5642 -0.7857 0.1973 0.6027 0.5620 -0.1083 -1.2718 -0.0118 0.1738 0.4104 -0.0290 0.0795 0.0377 
119.4089 -20.8477 5.0876 6.3029 -2.2025 -0.1505 2.0935 -1.3694 -1.3498 0.0718 1.7073 -3.7571 0.3906 0.5627 -2.0289 1.6004 0.5552 0.9488 -1.9143 1.9290 -1.1147 -0.6344 0.2749 -0.2109 0.7200 -0.1148 0.1636 -0.4056 -0.7430 0.5312 0.0001 0.5691 0.2763 -0.6916 0.6489 0.7741 0.7222 -0.5232 -0.0453 -0.3177 
130.5204 -13.3155 7.3618 6.4597 0.2810 -0.5430 1.8870 -1.0255 -1.0699 -0.1467 1.9174 -2.9877 1.1056 1.1118 -1.3171 0.3556 -0.9580 1.1531 -0.9727 1.5523 0.0131 -1.5527 0.7701 -1.8514 0.2154 -0.5231 -0.2788 0.1523 -0.8011 0.0372 -0.9429 0.6146 0.2508 -0.4253 0.4466 -0.1683 0.8524 -0.6478 -0.3451 0.4812 
145.7043 -7.1909 7.3497 10.2120 1.7586 -4.8096 -1.7067 0.7312 -1.6459 -1.6880 -0.4597 -5.8329 2.4102 1.9406 -1.4546 2.1769 -1.5455 1.4493 -0.5392 -0.9731 0.0195 -0.2411 0.6109 -0.7747 0.1379 -0.4280 -0.7548 0.6667 -0.5454 -0.2644 -0.6623 0.5288 0.1002 0.1365 -0.1066 -0.3740 0.3083 -0.6386 0.4115 -0.1235 
150.6987 -7.8418 3.8869 4.8388 4.4120 -4.3280 -3.3507 0.7764 -2.1219 -0.9295 0.6806 -5.3700 3.9225 0.3100 -1.9188 3.2439 -1.6452 2.4581 -0.8567 -0.4145 1.0389 -0.5978 -0.2360 -0.8542 0.0279 0.0698 -0.2773 -0.3150 -0.3930 -0.2690 0.4004 0.7572 -0.3561 0.4095 -0.4238 -0.1367 -0.3196 -0.4761 0.3820 -0.0805 
164.4679 -3.8076 -0.2683 5.8709 4.1508 -5.3646 -3.2761 -0.4159 -1.9541 -1.2464 0.1027 -4.6186 3.0692 0.8379 -1.7460 2.6008 -1.6304 2.2038 -0.8378 -1.1943 0.2360 -0.7334 -0.2614 -0.6369 0.0938 0.3588 -0.6517 -0.2489 0.1592 -0.2483 -0.0394 0.4275 -0.5351 0.0517 -0.0531 0.1766 0.7128 -0.0123 0.3329 -0.3417 
167.3827 -3.6757 -1.3324 4.2516 4.3534 -5.9725 -4.4787 -0.3534 -2.0388 -1.6499 0.7283 -4.0376 2.5069 1.0897 -2.2244 2.7849 -2.8134 2.3725 -1.0683 -0.9964 0.1138 0.3593 -0.0818 -0.2221 0.5087 0.8613 -0.9932 0.2869 0.0136 0.4008 -0.6992 0.9717 -0.4794 -0.0265 0.3793 0.0401 0.8784 0.2408 0.4402 -0.3403 
173.8572 -5.0799 -3.2115 4.2057 3.9389 -5.9919 -5.0003 -0.1988 -2.8934 -0.7781 1.4917 -3.7087 3.0686 1.4571 -2.3337 3.3968 -2.2131 1.6330 -0.2188 -1.3984 0.5989 -0.1695 -0.2054 -0.9515 0.3736 1.0340 -0.7270 0.0022 0.2136 0.1258 -0.6035 1.2546 -0.3168 0.5034 0.2763 -0.0146 0.7489 0.7037 0.4451 0.1194 
172.4261 -2.8283 -2.6527 2.3444 4.0525 -5.1878 -6.2856 0.3149 -3.0597 0.0683 0.6870 -2.5289 2.6962 2.0492 -2.7176 2.8777 -2.1905 1.7758 -0.7163 -1.7126 0.2398 0.2834 -0.3405 -0.5475 0.6781 1.1425 -0.3789 0.6017 -0.2417 0.3140 -1.4559 0.7143 -0.0913 0.4924 0.6984 0.2978 0.7812 0.0232 0.0896 0.0931 
175.2350 -3.3976 -3.1876 1.8954 3.5869 -4.8449 -7.4317 0.3435 -2.9354 0.3923 0.8151 -1.6364 2.6284 2.0355 -2.2809 1.9168 -1.9177 1.6904 -0.0000 -1.8351 -0.3646 0.4627 0.5393 -0.2930 0.4839 0.7734 -0.8409 0.9816 -0.4782 0.3675 -0.8076 0.5918 -0.2295 0.5208 0.1947 0.7273 0.7429 0.1908 0.6189 -0.2556 
177.7517 -2.0978 -4.4038 1.3896 2.4292 -3.8558 -8.0016 0.7199 -3.5665 0.5552 1.6286 -1.3463 2.3124 2.1564 -2.5600 1.9255 -2.4556 0.8615 1.2441 -1.9327 -0.4543 -0.0847 1.6541 -1.6409 0.8016 0.6946 -0.2910 0.5558 -0.2748 0.6404 -0.9765 1.0141 -0.6243 0.4955 0.4431 0.2115 0.8199 0.4318 0.5054 -0.1687 
178.4667 -1.2441 -4.1046 -0.5142 2.6360 -3.3879 -8.1946 0.8879 -3.0282 1.0109 1.4501 -1.3450 2.0585 2.1388 -2.3309 2.1972 -3.0744 0.7626 1.0412 -1.6142 -0.3111 -0.3071 2.1943 -1.6148 0.4258 0.5096 -0.6783 0.2487 0.2740 0.6437 -0.3641 1.1128 -0.7827 0.1884 0.3624 0.0206 0.8440 0.2951 0.6217 -0.1729 
176.1413 0.1407 -4.1603 -0.9793 1.4503 -2.1447 -8.7679 2.6097 -3.6768 1.4373 2.2194 -2.4119 1.9919 1.8988 -2.0134 1.3792 -3.6268 0.9492 0.9144 -0.8238 0.5453 -0.5238 1.9837 -1.1700 -0.3743 0.0096 0.0930 -0.1859 0.2815 0.6135 0.2745 0.3903 -0.3838 0.5727 0.1832 -0.1410 0.5248 0.2918 0.2339 0.2595 
176.8476 0.0484 -3.8867 -1.7244 0.9732 -2.2302 -7.8416 2.0608 -3.5085 2.4914 1.6387 -2.3761 1.9053 1.1088 -1.8837 0.9957 -3.5925 0.3920 1.3965 -0.4978 0.7373 -0.5226 1.5996 -1.2600 0.2391 -0.0201 -0.3065 0.1343 0.3374 0.0151 0.1430 0.4327 0.2210 0.5260 0.1362 0.4820 0.0997 -0.1122 0.5498 -0.4183 
177.5175 0.7636 -3.6327 -3.2453 1.7865 -2.3225 -7.6272 0.6451 -1.7671 1.9483 2.6665 -2.4834 0.1082 0.5804 -0.7642 0.5881 -2.8022 -0.1899 0.9299 0.7824 0.1012 -0.7382 1.6344 -0.7454 -0.2627 0.0371 0.0280 0.0136 -0.0364 -0.1775 0.7282 0.1967 0.4985 0.0668 0.3782 0.3738 0.4844 -0.0907 -0.0552 -0.2079 
181.0018 0.4976 -5.0952 -2.1080 0.3305 -2.2193 -6.8384 1.0606 -1.8013 1.0395 3.1593 -2.1963 -0.2977 1.2920 -2.6088 0.9940 -2.2875 -0.6181 2.6176 -0.3085 -0.1825 0.1948 0.8419 -0.8003 0.2468 -0.2742 0.0000 -0.5753 0.7384 -0.6475 0.3918 0.3751 0.5389 0.0963 0.5051 0.6198 0.1553 0.0558 -0.0409 -0.0112 
182.0009 0.5096 -5.7606 -1.6457 0.2534 -2.6941 -7.2635 2.2781 -3.0009 1.8761 3.3386 -2.7811 0.0785 0.3627 -2.2366 1.4511 -2.2276 -0.7394 2.1474 -0.0932 0.8557 -0.9392 0.9361 -0.9281 0.9363 -0.7487 -0.1153 -0.4095 0.0473 0.5433 -0.2482 0.4309 0.2439 0.7036 0.3669 0.3168 0.1097 -0.0968 0.1267 -0.0040 
182.4799 1.0916 -6.1035 -2.2955 -0.1837 -2.6599 -6.2934 1.8802 -3.9341 1.7956 4.3151 -2.3573 0.0490 0.1395 -2.3947 1.8040 -2.8523 -0.4405 2.1192 0.0954 0.3383 -0.3565 0.2923 -0.1318 0.6355 -0.6382 -0.1464 -0.7116 0.7345 0.0363 -0.1447 0.3577 0.3883 0.4986 0.7200 -0.1140 0.1650 0.4461 -0.1181 -0.1183 
181.5786 1.3223 -5.0063 -3.5633 -0.3566 -2.0474 -6.9120 1.9454 -3.5163 1.5620 4.4354 -1.4804 -0.7625 0.9596 -3.1882 2.2624 -2.7256 -0.9194 2.5087 -0.4774 0.2903 0.3700 -0.0817 0.0419 0.3204 -0.5498 -0.1514 -0.7161 0.2909 0.6214 -0.4994 0.8288 0.1126 0.2695 0.8846 -0.1686 0.2155 0.6233 -0.2448 0.1028 
180.3543 2.2041 -4.9042 -4.9586 -0.4727 -1.7972 -6.6302 2.2247 -3.6137 0.8846 4.7194 -1.5148 -1.3476 0.3965 -2.4101 2.5289 -2.3493 -1.3094 1.7512 0.1740 -0.4512 0.7638 -0.0494 -0.3115 0.6853 -1.1350 0.2794 -0.5855 -0.0532 0.2452 0.1438 0.6045 0.6390 -0.2363 0.9103 0.0533 0.2122 0.1507 -0.0784 0.0839 
180.5872 2.3761 -4.9901 -4.5729 -0.4327 -2.0962 -6.8814 2.1631 -3.7182 0.7569 4.1275 -0.5206 -1.8545 1.0146 -2.7769 2.0405 -1.5149 -1.9162 2.0711 -0.6053 0.0443 0.3665 0.4030 -0.8584 1.1131 -0.5701 -0.5750 -0.4249 0.5613 -0.0083 -0.0744 0.3948 0.2369 0.1451 1.0145 -0.0793 0.1008 0.7214 -0.5246 -0.0068 
178.4752 2.4669 -4.5751 -3.9854 -0.9919 -0.9226 -7.6078 2.3919 -4.0623 0.7139 4.2019 -0.8293 -1.2946 0.7175 -2.7017 2.7948 -1.8718 -1.7979 2.1598 -0.2931 -0.1240 0.7740 0.3524 -1.4108 1.2969 -0.4172 -0.5322 -0.5999 0.4592 0.1757 0.1408 0.0508 0.4617 0.4635 0.8356 -0.1079 0.2909 0.3110 -0.1948 -0.2365 
179.7914 1.6824 -4.6893 -3.5901 -1.2249 -0.5542 -7.3168 2.2838 -3.7625 0.5747 3.9788 -0.7902 -1.2352 0.9361 -2.0192 2.2103 -1.6535 -2.6166 1.8776 -0.1660 -0.4843 0.6949 0.7635 -1.3248 0.8909 0.0630 -0.5948 -0.3284 0.0254 0.0416 0.3739 -0.2074 0.8760 0.6066 0.1832 0.1423 0.1984 0.1332 0.4063 -0.2692 
178.3474 1.0764 -3.2197 -3.6559 -1.0440 -1.2379 -6.6665 1.6275 -3.6804 0.1184 3.4901 -0.2831 -1.5671 1.3891 -2.5273 2.5676 -2.2532 -2.4104 1.7345 -0.4103 -0.0291 0.4698 0.2921 -0.6694 0.7486 -0.7149 -0.1610 -0.5837 0.3230 0.5999 -0.3547 0.3535 -0.1954 0.6492 0.3048 -0.3355 0.7058 0.0298 -0.4595 0.0064 
174.1586 0.9539 -1.8513 -3.7278 -1.3121 -0.8182 -6.2374 1.5506 -3.8820 -0.3158 2.6170 -0.5460 -1.0056 1.0427 -1.7856 2.5205 -2.4007 -2.3892 1.4468 -1.0759 -0.5062 0.4958 0.5317 -0.9513 1.4737 -0.7303 -0.2978 -0.7773 0.5133 0.1740 -0.5833 0.3146 0.0740 0.6351 0.2310 -0.2126 0.1039 0.6500 -0.7293 0.1992 
169.6039 0.3439 0.3388 -1.9780 -1.7678 -0.6623 -6.0087 1.1604 -4.1205 -0.6109 2.7938 -0.1734 -1.7730 1.6155 -2.1120 2.8450 -2.2133 -1.7903 1.7158 -2.4915 0.1928 1.2844 -0.7272 -0.7951 0.9538 -0.8500 0.3100 -0.8425 0.3652 -0.1822 -0.0639 0.2328 -0.0821 -0.1576 0.2652 0.1581 -0.2000 0.1678 -0.3836 0.1899 
162.3066 -1.7957 2.2850 -0.7762 -1.6549 0.8024 -6.2901 0.1938 -3.6839 -0.2011 3.0313 -1.3934 -2.1684 1.2757 -0.9724 3.9054 -2.0231 -1.7637 0.8455 -0.9282 -0.2503 0.4056 -0.3210 -0.1241 0.2333 -0.9945 1.0839 -0.4207 0.2038 -0.5054 -0.1758 -0.1081 0.4772 0.0591 -0.0238 -0.2712 -0.0995 -0.3593 0.3784 0.0905 
157.4138 -5.1715 0.6705 1.9098 -2.0756 1.7072 -2.9861 -1.7540 -2.3748 0.0588 1.5128 0.9361 -0.7700 0.9353 -0.4867 1.9014 -1.1579 -0.3570 0.2737 -0.9001 -1.2347 0.1560 -0.3922 0.2537 0.8219 0.2523 -0.2632 -0.1766 -0.3141 -0.3878 -0.0124 -0.2638 0.5747 0.0287 0.1270 -0.1261 0.2053 -0.3951 -0.2065 0.3704 
163.3683 -11.5392 0.5395 2.8992 -5.1554 -0.2793 -2.0170 -1.1967 1.1931 -0.1952 0.9054 0.4801 -1.0334 0.3542 -0.0603 -0.0215 -1.4243 -0.4050 1.0329 1.0074 -1.0109 0.1121 -0.4083 -1.2908 1.5236 0.1684 -0.2005 -0.0069 -0.0877 -0.1093 -0.6742 -0.3541 0.2510 0.4029 0.2284 0.4843 -0.1083 0.2575 -0.3739 0.0049 
168.5823 -19.5786 -1.3212 2.9371 -5.7451 2.4028 -0.4461 -2.4107 1.9502 1.1490 0.0819 -0.7890 -0.3215 -0.6808 -0.3232 0.8982 0.8778 -0.6030 1.0843 1.1213 -0.4198 0.5210 -0.5779 0.3419 1.3834 -0.3650 -0.8709 0.2154 -0.5497 -0.1204 -0.6744 -1.1287 0.0514 0.3273 0.7791 0.2101 0.7465 0.4187 0.3519 0.0062 
172.5714 -23.0862 -1.7386 2.6549 -5.2260 0.7943 0.3196 -2.1156 1.9076 -1.2827 0.3743 -0.4159 -1.0663 -0.1529 -0.6665 0.6368 1.7605 0.6867 1.8767 0.1180 -1.6856 0.2406 -0.2184 0.1537 1.0785 0.0780 -0.2581 0.3948 -1.0764 -0.6466 -0.0835 -0.5866 0.2526 0.2030 0.0581 -0.0576 0.5290 0.4428 0.1828 -0.4569 
175.0890 -25.2006 -3.3312 2.0394 -5.2779 -0.7983 -0.5386 -1.8065 0.7579 -0.7285 -0.6866 -0.2880 -0.3405 0.3725 -0.2190 0.2831 0.8375 -0.0513 1.8921 0.3086 -2.0680 0.6959 -0.4489 0.5784 1.1795 -0.5631 0.0218 0.7424 -0.8430 -0.3294 0.0869 -0.9899 0.0476 -0.0744 -0.2424 -0.1495 0.1621 -0.3069 0.1670 -0.7478 
175.9363 -25.4217 -1.1702 2.9597 -6.8811 -0.5853 -1.0366 -2.2771 1.0386 -1.1344 -1.4044 -0.2198 -0.1622 0.9866 -0.1660 1.2177 0.5115 -0.7357 1.5073 0.2550 -0.8562 0.5514 -0.3634 -0.0557 0.7676 -0.8191 -0.0986 0.6966 -1.0921 0.1727 -0.0785 -1.2166 -0.1461 0.5876 0.6995 0.2178 -0.1859 -0.2409 0.4452 -0.1081 
178.3660 -25.1215 0.7788 4.1932 -5.8961 1.3833 1.0742 -2.7982 1.8982 -0.5354 -1.0024 0.2387 -0.0636 0.1959 0.0816 0.4144 -0.6277 -0.3186 1.1563 -0.6768 -0.8218 1.1418 -0.5537 0.3842 1.5082 -0.7833 -0.1734 0.8947 -0.5170 -0.1278 0.5651 -0.0976 0.3699 -0.3281 -0.1307 -0.2444 -0.0167 0.1616 -0.1955 -0.1869 
178.4547 -26.0643 0.7088 3.1982 -6.0216 1.7958 0.4531 -3.7605 0.3696 -0.8701 0.8173 -1.0961 0.1668 0.8376 0.3469 0.1104 0.6675 -1.1772 -0.3046 -0.4184 -1.4715 0.8485 -0.2687 -0.0804 0.5564 -0.0543 0.6264 0.9147 -0.3086 0.6784 0.4462 -0.0598 0.7291 -0.8153 -0.3537 0.3204 -0.0018 0.1384 0.5014 0.4153 
175.8938 -27.1344 0.3597 2.6993 -6.1347 0.0967 1.3375 -4.0090 1.3474 -0.5672 -0.6695 -1.4955 0.1156 1.0372 0.5598 0.7598 1.0195 -1.0059 -0.2256 -0.9173 -1.3024 0.5650 -0.7920 0.4258 0.9083 0.6719 -0.2452 0.3976 -0.9805 -0.0101 -0.0320 0.4355 0.8464 0.4289 -0.2121 0.3253 0.0984 -0.1647 0.0060 0.1136 
171.6116 -29.7425 -2.0678 0.0988 -8.1651 -0.2849 -0.0372 -5.1457 1.0310 -1.4320 -0.3340 -0.0339 -0.6560 0.8007 0.6176 0.9885 0.8568 -0.9460 -0.2369 -0.1254 -1.5152 1.1500 -0.5598 0.3259 0.5644 -0.3593 -0.5683 -0.0895 0.1057 -0.5789 -0.5096 0.4474 -0.3852 0.0497 -0.9410 -0.1818 0.4483 -0.3478 -0.0415 -0.4709 
172.3316 -25.9810 0.1838 2.5667 -4.6066 0.5632 1.6786 -4.6782 1.9822 -0.2108 0.0806 0.7550 -0.1454 0.0415 -0.5631 0.5187 -0.1720 0.2305 -0.4746 0.1600 -1.4958 1.0548 0.3601 0.8795 0.9808 0.2828 -0.8461 0.5274 -0.7500 -0.7067 -0.3125 -0.4041 0.4600 0.2507 0.0474 0.1337 0.7046 -0.0926 -0.2434 -0.3627 
166.5778 -30.1613 -1.6707 0.4416 -8.6876 -1.0604 0.9717 -4.6956 1.9179 -0.9907 -2.0654 -1.5214 -1.1884 -0.2235 -0.5550 -0.0570 -0.7247 -0.4406 0.4990 1.1159 -1.1075 0.8534 0.2254 -0.6110 -0.2720 -0.3767 -1.0190 0.4838 -0.6901 -0.6637 0.2030 -0.3376 -0.2311 0.2442 -0.2412 -0.2641 0.2455 0.3921 0.5331 -0.5174 
167.5788 -29.9857 -2.2567 2.5607 -5.6589 -0.1736 3.1371 -2.8540 3.1084 0.0909 -0.8460 -0.2011 -0.7177 -0.0655 0.4914 -0.5123 -0.0405 0.1794 -0.7270 1.1077 -1.8154 0.0486 0.3792 -0.2334 0.0272 0.2629 -0.5764 0.1455 0.2682 0.2485 0.3553 0.0874 -0.6329 0.2168 -0.0168 0.4506 0.8403 0.3322 0.3575 -0.0558 
169.2143 -27.5807 -0.0880 2.2626 -5.8596 0.7791 3.3207 -2.9311 0.8922 -1.5351 -1.9771 0.3242 0.6381 0.5058 0.4092 0.4799 0.3011 0.7979 -0.3824 1.4647 -1.4630 -0.0687 0.1177 -0.8606 -0.2147 0.9401 -0.6702 0.7442 0.1960 0.1224 -0.0553 -0.0602 -1.0080 0.0217 -0.4935 -0.0192 0.5127 -0.1386 -0.2498 0.1505 
167.1171 -26.8489 -0.7860 2.2441 -5.2253 -0.3375 0.9689 -4.1185 -0.1426 -0.7351 -0.7676 0.1669 -1.0801 -0.1328 0.4215 1.1670 0.6446 0.0549 -0.7748 1.3761 -0.2991 1.1302 0.8621 -0.1618 -0.5709 0.0908 -0.9833 -0.0421 0.0438 -0.0270 0.4021 0.4834 -0.6959 0.0732 0.2420 0.0292 0.0877 -0.4797 -0.5251 -0.4162 
166.6711 -24.4890 -1.2109 3.0883 -5.2746 0.4980 1.5818 -3.5557 1.6390 -0.1702 -1.4612 0.9068 0.3559 -0.1803 -0.0647 0.2710 1.0370 0.6622 -0.2623 0.7933 -2.0671 -0.6652 1.0746 0.7142 -1.0749 0.8217 -1.2831 -0.2353 0.6115 0.0677 1.0347 -0.1578 -0.4833 -0.1278 -0.1790 -0.7983 0.5195 -0.0174 0.0055 -0.2212 
165.4969 -26.6893 -2.4988 2.9995 -6.9027 -1.8406 0.2873 -3.6244 0.2368 1.2382 -1.2054 0.4551 1.2768 -1.1942 0.3940 1.0073 0.4647 0.4686 0.1597 0.1678 -0.9742 -0.7269 0.7861 1.0832 -1.2872 -0.3363 -0.8744 0.1027 1.1708 0.5349 0.6097 0.5066 -0.0379 0.3784 0.4941 -0.4442 0.6637 0.2975 0.0089 -0.6256 
165.9059 -25.4658 -3.6007 1.7788 -4.8606 -1.2974 0.8066 -3.5320 -0.4225 0.6566 -0.4842 -0.1084 0.6078 -0.4821 -0.0113 1.1696 0.1107 -0.8614 -0.4148 0.7062 -0.7030 0.5236 1.1795 0.8390 -0.5717 0.5643 -1.2451 -0.2570 -0.0096 -0.7915 -0.6495 -0.7391 -0.4935 0.4379 0.1862 -0.4125 -0.2690 0.1723 0.1704 -0.7300 
162.9492 -23.4877 -3.9340 0.9772 -4.7913 -1.6142 0.9240 -2.8726 -0.9638 0.4075 -1.7254 -2.0319 -0.5618 -0.1926 0.8018 0.7127 -0.7931 -0.9833 -1.1163 1.3913 -1.3586 -0.7866 1.0837 0.5821 -0.6863 0.6062 0.0080 0.0865 -0.1464 -0.3273 0.0572 0.2865 -0.1812 -0.6646 -0.5108 -0.0447 -0.1148 -0.6894 -0.3392 0.0886 
159.2508 -19.4551 -3.9664 0.8251 -4.4959 -3.0027 -0.8887 -3.7518 -1.0654 0.4110 -1.0687 -1.0279 0.2648 -0.2855 0.3518 0.6894 0.2525 0.3736 -0.2546 1.6055 -2.1732 0.1779 1.4534 0.1680 -1.2767 0.4977 0.0102 -1.0203 0.1429 0.2711 -0.5167 -0.2186 -0.1730 -0.0075 0.0651 -0.6986 -0.0984 -0.2381 -1.3182 -0.3159 
156.4047 -10.2913 -3.5202 1.5432 -1.7297 -1.6712 -0.2201 -1.0918 -0.1933 -1.3071 0.4089 -0.6495 -1.8518 -0.9861 0.6886 0.9407 -0.8823 -0.4554 -0.6281 -0.1423 -2.1849 0.2479 2.1127 0.9730 -1.1938 -0.2692 -0.5410 -0.3734 0.3942 -0.7024 -0.4691 0.3620 -0.4030 0.4628 0.1718 -0.0082 -0.0513 0.1117 -0.5003 0.0886 
137.8166 -8.6395 -3.4907 2.6362 0.0697 -0.9021 2.0593 -0.3779 -0.1308 -1.9982 -1.4539 -0.0856 -2.0983 -1.9895 0.5645 0.0115 0.1054 -0.1354 -1.5011 -0.1953 -0.2921 0.1661 1.3034 0.9868 -1.9634 -0.2751 -0.6742 -0.5856 0.5058 -0.0234 -0.3329 0.0046 -0.0593 0.0936 -0.6221 -0.5368 -0.0643 -0.5712 -0.0530 0.2569 
127.4787 -6.3479 -2.6760 1.8147 -1.8291 -0.8915 1.3719 0.4628 1.4494 -2.0352 -1.8711 -0.2458 -3.0171 -2.5979 0.9227 0.3806 0.0137 -0.7247 -1.2368 0.9239 -0.9778 -1.6036 0.2542 0.7403 -1.3683 0.0373 0.7491 -0.8274 -0.5111 0.1022 -0.0352 0.9353 0.1966 0.0671 -0.0746 -0.5087 -0.2329 -0.7957 0.6973 0.4191 
122.4671 -6.0226 -6.2763 -2.1535 -2.0867 -2.5041 0.5873 1.7282 3.1804 -0.9793 -0.6064 1.0612 -2.2924 -1.2371 1.4532 1.0166 0.0345 -0.4645 -1.0391 1.0861 -0.6928 -1.7964 -0.3983 1.5899 -0.3132 0.0497 -0.8894 -0.5627 -0.4265 -0.0629 -0.3595 -0.0567 0.9047 0.1647 0.8530 -0.3527 0.6992 0.1182 0.1067 0.0848 
115.3314 -6.6402 -6.9347 -3.1670 -1.2858 -3.4145 0.9530 2.6909 2.5948 -2.0228 -0.5425 0.5817 -0.7350 -0.4294 2.0348 0.2221 0.4234 -0.0368 -0.2663 1.7349 0.1138 -0.5236 0.2735 1.1232 -0.8783 0.3048 0.2039 0.1952 -0.2414 -0.2165 -1.1662 -0.3740 -0.0025 -0.4304 0.1358 -0.2601 -0.3713 -0.5094 0.4681 -0.3512 
113.0607 -6.0486 -5.2315 -1.4608 -0.8290 -4.1502 0.6039 1.9673 1.7815 -3.1423 -2.0084 -1.4926 -2.3934 -1.9605 1.3207 -0.2564 -0.2809 -0.2200 -0.7675 0.7948 0.0177 -1.1317 0.8158 1.3457 -0.3390 0.0985 -0.0020 0.7326 -0.2701 0.3400 -0.3487 0.1863 0.4647 -0.5981 -0.5254 0.2210 0.9713 0.0968 -0.0595 -0.0298 
108.7175 -7.6516 -5.8755 -0.3834 -0.2625 -3.8936 -0.1621 2.2986 0.8076 -2.8576 -0.8783 -1.0735 -2.9707 -1.6148 1.1581 -0.3309 -0.6235 -0.3100 -0.5466 0.2904 -0.1041 -1.0861 -0.0156 0.5174 -0.0782 -0.3686 -0.7063 0.6222 -0.4128 -0.3940 0.2231 0.7205 -0.3320 -0.1692 0.1282 0.2502 0.1559 0.1144 -0.1691 0.9246 
103.3220 -10.0148 -7.3807 -0.9813 -1.2737 -3.5603 0.4899 0.7152 1.5126 -1.1929 -0.5090 0.0391 -2.0364 -0.9273 1.8785 0.6669 0.8261 0.7089 -0.0576 0.2567 0.2893 -1.1535 -0.4367 -0.0677 0.8769 0.7956 0.0090 0.6636 -0.7807 -0.4824 -0.4917 -0.2291 -0.4242 0.1597 -0.4616 -0.4831 0.0186 -0.0305 -0.7790 0.6066 
101.0528 -7.7530 -5.8431 -0.8592 0.7655 -2.6382 1.9780 1.3077 1.1829 -0.1952 -1.7477 -0.9058 -2.2278 -1.0612 1.3597 0.5812 1.0428 -0.1163 0.5207 0.9474 -0.0506 -1.6563 -0.2029 1.5027 0.2091 0.4889 0.0317 -0.3677 -0.7301 -0.5447 0.1642 0.5811 0.8561 0.2178 0.0166 0.1189 -0.2808 -0.0897 -0.2554 0.2792 
96.8585 -8.5970 -4.6042 -0.4261 1.1227 -1.1706 1.0561 1.7236 0.7051 -2.6720 -3.4694 -1.1867 -1.2572 -2.6702 0.0429 0.3573 -0.3944 -0.4644 0.7820 -0.3762 0.3511 -0.2018 -0.0065 1.2931 0.5023 0.2928 0.2707 0.1542 -0.1810 0.4968 0.7628 0.6152 0.1336 -0.3678 0.5222 0.3129 -0.0060 -0.9947 -0.7716 -0.0432 
93.6173 -9.6466 -4.8651 0.0583 2.3080 -0.7616 1.1309 1.6469 0.5943 -2.1913 -2.2145 -1.5485 -1.3652 -1.6530 -1.1634 -0.2821 -0.7738 -1.2190 -0.5326 -0.3030 0.4223 -0.9409 0.1212 1.2926 0.2332 0.3392 0.4005 -0.2299 -0.0587 0.5361 -0.2218 0.6713 -0.4608 -0.7183 0.2175 0.2490 0.0239 -0.2328 -0.5046 0.3229 
91.7890 -9.1985 -3.6147 1.8232 2.9912 -1.9610 0.3812 1.8277 2.1607 -1.7590 0.1377 0.7402 -0.2784 -0.2272 -0.1769 0.3414 -1.3176 -0.0994 0.8515 -0.0581 0.0335 -0.6895 -0.6672 0.3343 0.5629 -0.5120 -0.6806 0.4119 -0.0168 0.0890 0.1637 0.5019 -0.7069 -0.5246 0.3312 0.3196 -0.9026 -0.4382 -0.3782 -0.1453 
89.4846 -10.1940 -3.0294 0.7119 1.7320 -1.2377 0.4364 0.6450 1.2264 -1.5862 -1.3664 0.6829 0.3184 0.1516 0.4285 -0.6867 -1.3807 0.4522 -0.0601 -0.6559 0.3436 0.1063 -0.7918 0.1767 -0.1313 -0.1118 -0.2047 0.2413 0.6185 -0.0386 0.0475 0.1384 0.3286 -0.6559 -0.1234 -0.4444 -0.5762 -0.2348 -0.3168 0.1393 
88.7302 -10.2348 -2.6265 2.3286 2.5476 -0.6826 -0.2846 0.0291 0.7135 -2.3718 -3.0970 -0.9402 -0.5230 0.1945 0.2580 -1.0266 -1.1950 -0.5419 0.3661 0.9984 1.2934 0.3051 -0.1620 0.7351 0.5699 0.6408 -0.1171 0.0119 0.4109 0.1018 0.6167 0.8349 0.0039 -0.4465 0.3679 0.4001 -0.3003 0.5412 0.0994 0.4293 
88.0187 -9.9417 -2.3201 1.3673 3.0234 0.1214 -0.1188 -0.4603 0.2225 -2.8265 -1.2649 1.0771 -0.7373 -0.7392 0.7814 -0.4806 -1.0113 -0.0237 0.8588 -0.7056 0.7528 -0.1774 -0.0111 0.9531 0.0744 -0.6452 -1.1817 0.0923 0.2869 -0.1485 0.4402 0.7201 -0.4225 -0.7098 0.2678 0.0146 -0.7601 -0.7386 0.2117 0.2522 
87.5496 -10.5100 -1.0087 1.9961 2.8328 -0.0022 1.8160 0.8180 -0.2325 -2.6835 -0.5404 0.5478 -2.0242 -1.4247 -1.1907 -0.6077 -1.3539 -0.5779 0.0698 -0.6863 0.0101 0.0810 -0.4688 -0.6221 0.5503 0.4106 -0.6693 0.3275 0.3840 -0.5642 0.6294 1.7088 0.0247 -0.8770 -0.3325 0.1770 -0.6291 -0.6928 0.0893 0.1859 
85.5411 -9.7238 -0.3163 0.6604 2.7693 0.1008 1.0357 -0.0092 1.0098 -1.7033 -1.0033 -0.6688 -1.1191 -1.5865 -0.6026 1.8127 0.1401 -0.5607 -1.0961 0.1494 1.1246 -0.2473 -1.2318 -0.6819 -0.0971 0.7275 0.6875 0.7477 0.6169 0.3748 -0.2055 0.2267 -0.1765 -0.0920 -0.2137 -0.0523 -0.6310 -0.1514 -0.5540 -0.3239 
86.1103 -10.3133 -0.0442 0.6016 1.2189 -0.8732 0.7637 -0.8714 -0.2479 -2.0411 -0.8357 -0.5415 1.0174 -0.4945 -0.6204 0.7751 0.5173 0.5504 -0.3055 -0.2365 0.4164 0.5353 0.3320 -0.4038 0.1007 1.0094 0.3738 -0.2157 0.1108 0.7618 0.2407 0.0617 -0.1114 0.1173 0.7881 0.3040 -0.0732 0.0618 0.1427 -0.1428 
84.5084 -11.0316 0.1005 -0.6598 0.0372 -0.1521 2.1083 0.7825 1.1949 0.5063 1.1797 -0.6439 -0.8727 -1.9031 -1.1566 -0.2957 -0.9763 0.4088 0.4969 -0.5425 -0.7920 0.1838 1.1877 0.4753 -0.4923 0.1321 -0.0020 -0.5038 -0.6844 0.0227 -0.6080 -1.0457 -0.2071 0.2937 0.1846 0.2704 0.4213 0.1726 0.3234 0.3041 
81.9979 -13.9701 -0.8394 -0.6341 0.6079 0.5501 0.9442 -0.4124 0.5825 -0.6204 0.3018 -0.1055 0.1066 -1.1661 0.7532 1.0666 0.4438 0.5598 -0.3054 0.2646 0.3920 -0.7015 0.7968 0.7561 -0.3189 0.3816 -0.2369 -0.4096 -0.5668 0.2246 -0.3318 -0.2368 0.2827 -0.2906 -0.2822 -0.2621 0.0675 -0.4856 -0.3259 -0.1897 
80.0510 -13.4458 -0.5746 -0.2584 -0.3141 1.0755 1.8011 0.0690 1.4444 -0.1949 -0.0341 -1.1158 0.1081 -1.2291 0.3370 1.5756 0.8039 0.6677 -1.5533 -0.8834 -0.0160 -0.1412 1.0130 1.1996 0.7575 0.6905 0.0068 -0.0242 -0.0996 0.5622 -0.3029 0.4194 -0.1056 -0.5053 -0.3563 0.0159 0.7138 0.2594 -0.3834 -0.3031 
81.8929 -10.5429 -0.7342 -0.5191 -1.3415 0.0398 0.4313 -1.1802 -0.3217 -0.9032 -0.1500 0.1669 1.0178 -0.4167 -0.3024 -0.1242 0.3204 1.0169 -0.1959 -0.5522 -0.0698 0.3459 0.4666 0.2225 0.1717 0.9958 0.5749 0.4942 -0.3525 0.5585 -0.1498 0.5495 0.1064 -0.2349 -0.2619 -0.1322 -0.1706 -0.3239 -0.2080 0.3775 
80.2858 -13.0050 -2.5503 -1.4287 -0.1001 0.9726 2.1860 -0.6531 0.4627 0.1507 -0.2336 -0.0384 -0.2353 -0.2633 0.0643 1.3886 0.0126 0.5376 1.9571 -0.0077 0.4159 1.1639 -0.7139 -0.2666 -1.0785 -0.3116 0.6663 0.2238 0.5481 -0.1030 -0.9701 -0.0176 0.0957 -0.5044 -0.3574 0.2042 -0.5384 0.0556 0.0792 -0.1917 
82.4229 -11.6508 -2.8403 0.3223 0.9338 0.7712 -0.4624 -2.1105 0.2026 0.3424 0.8193 1.6585 0.5345 0.0701 0.5185 0.4579 -1.0708 0.0033 -0.2729 -1.7249 -1.4896 0.5079 0.3859 -0.2420 -1.3907 -0.9565 0.2445 0.4331 -0.4849 0.0369 -0.0322 0.1366 0.5952 -0.0618 0.0624 0.2611 0.0534 0.8470 0.4191 -0.1281 
82.3964 -10.4482 -1.8265 -0.1820 0.5036 -0.7807 -1.5980 -0.8759 0.8414 0.5743 0.5566 0.6897 0.0072 -0.2039 -0.1782 -0.0142 -1.6378 0.3026 0.4807 0.3039 1.0562 0.7941 0.1920 0.6659 -0.4239 -0.1054 0.1484 0.0554 0.1578 -0.1475 -0.1893 0.3019 0.5209 -0.0099 0.1149 0.2166 -0.1613 0.4366 0.7241 0.0494 
86.1472 -12.5529 -0.7616 1.9697 -2.9187 1.0243 -1.0391 -1.5537 2.0079 -0.3390 2.7551 0.8351 -0.2137 0.1317 -0.6050 1.4252 -0.6379 -1.4490 -0.5057 -0.6415 0.6782 1.5689 0.1086 0.7832 -0.8060 -0.6410 0.8310 -0.4544 0.7162 0.5001 -0.4091 -0.3339 0.0335 -0.2824 0.1636 -0.3540 -0.1174 0.0756 0.4487 0.2768 
95.9082 -18.5073 -1.2037 6.1483 -4.7786 1.8109 -0.7906 -1.0875 3.5035 -1.9336 3.3713 -0.8694 -3.4424 -0.2037 -2.6338 2.2062 0.3836 -0.1867 -1.0302 -1.3057 0.6451 1.4119 0.1908 1.5204 0.2462 0.4961 0.1151 -0.4033 0.3105 0.0411 -1.1450 0.4006 0.2064 -0.0151 0.4631 0.2215 -0.0571 -0.1827 0.1270 0.5124 
91.2080 -14.7706 -1.3487 2.5536 -4.4922 1.2241 -0.9175 -0.8196 2.9522 -1.9548 2.1035 0.3475 -0.5182 1.0001 -1.5293 0.8754 -0.3478 -1.0944 -0.9115 -1.5677 0.0102 0.3588 -0.7072 0.9621 -0.1189 0.9809 0.6304 -0.3550 0.5111 0.1163 -0.4983 0.3835 0.4653 -0.1546 -0.3672 -0.3734 -0.8796 -0.1546 -0.2283 0.1920 
86.6702 -13.6502 0.3140 1.5162 -2.2727 0.0370 1.0898 -0.9549 1.3464 -0.4082 1.4423 -0.8817 -1.0053 1.0849 -0.7117 -0.3520 0.3519 -0.8966 0.5933 -1.1355 1.0208 0.3716 -1.5356 0.0917 0.0180 -0.2120 0.1349 -0.1420 0.4218 0.2672 -1.3227 0.0500 0.4265 0.2245 0.2903 -0.0566 -0.2852 0.0243 -0.3041 0.6078 
84.0914 -14.0231 -0.9226 0.4259 -1.7895 -0.7705 1.2232 -0.7771 0.5145 -0.4965 1.9779 -0.7652 0.6175 1.1402 -0.3647 0.0089 0.2156 -0.2849 0.3269 -0.8325 0.5772 0.8299 0.3161 -0.3810 -0.7737 -0.0886 0.0202 0.1270 -0.3645 -0.1213 -0.6155 -0.4604 0.1495 0.1040 -0.2552 -0.4245 -0.2139 0.4643 -0.1017 -0.7062 


96.2906 -18.3720 2.2235 1.7109 -1.2818 1.6664 0.5431 -1.1111 0.1956 -1.6227 0.5347 -1.7343 0.3187 -0.3198 0.1217 0.3068 0.7956 1.9536 -1.3782 0.7238 -0.7141 -1.0423 0.4965 -0.3360 -0.1055 -0.1429 0.4051 1.1983 -0.1144 0.5696 -0.1041 0.0814 0.3579 -0.3703 0.3334 -0.3184 0.2267 0.2257 0.4315 -0.0249 
97.4631 -21.1761 0.9396 1.4827 -1.6503 0.8420 0.4814 -1.2841 0.1766 -0.2345 1.3562 -2.5287 1.6603 0.0884 -0.1592 0.6822 -0.4561 1.2323 -1.7713 0.9935 -0.7584 -0.2105 0.8098 -0.5565 -0.2834 0.4123 1.3969 0.9088 0.4285 0.3446 0.1760 0.1247 0.2281 -0.3877 0.6093 -0.3178 -0.5124 0.0955 -0.3014 -0.5390 
103.0375 -21.5832 2.4751 1.5737 -2.9471 0.4789 1.0512 -0.9871 -1.6606 -0.6638 -0.3502 -3.2010 1.9274 0.3085 -0.6347 1.1498 -0.1707 0.5185 0.0415 -0.1269 -1.0356 0.3520 1.8071 -0.1506 0.1561 0.1660 0.4372 0.1502 -0.3965 -0.3293 -0.4188 0.3470 -0.2716 -0.7056 0.7473 0.1364 -0.2529 0.0588 0.0807 0.3355 
111.3457 -23.2089 2.1834 3.1927 -3.4865 0.2434 1.6802 -1.4724 -2.6238 0.5825 1.9751 -2.5566 2.6228 1.9774 -1.8044 -0.3024 0.0039 0.1515 -1.2579 1.3712 -0.4030 -0.3162 1.3425 -0.3549 -0.4747 0.3121 0.4084 -0.5642 -0.7857 0.1973 0.6027 0.5620 -0.1083 -1.2718 -0.0118 0.1738 0.4104 -0.0290 0.0795 0.0377 
119.4089 -20.8477 5.0876 6.3029 -2.2025 -0.1505 2.0935 -1.3694 -1.3498 0.0718 1.7073 -3.7571 0.3906 0.5627 -2.0289 1.6004 0.5552 0.9488 -1.9143 1.9290 -1.1147 -0.6344 0.2749 -0.2109 0.7200 -0.1148 0.1636 -0.4056 -0.7430 0.5312 0.0001 0.5691 0.2763 -0.6916 0.6489 0.7741 0.7222 -0.5232 -0.0453 -0.3177 
130.5204 -13.3155 7.3618 6.4597 0.2810 -0.5430 1.8870 -1.0255 -1.0699 -0.1467 1.9174 -2.9877 1.1056 1.1118 -1.3171 0.3556 -0.9580 1.1531 -0.9727 1.5523 0.0131 -1.5527 0.7701 -1.8514 0.2154 -0.5231 -0.2788 0.1523 -0.8011 0.0372 -0.9429 0.6146 0.2508 -0.4253 0.4466 -0.1683 0.8524 -0.6478 -0.3451 0.4812 
145.7043 -7.1909 7.3497 10.2120 1.7586 -4.8096 -1.7067 0.7312 -1.6459 -1.6880 -0.4597 -5.8329 2.4102 1.9406 -1.4546 2.1769 -1.5455 1.4493 -0.5392 -0.9731 0.0195 -0.2411 0.6109 -0.7747 0.1379 -0.4280 -0.7548 0.6667 -0.5454 -0.2644 -0.6623 0.5288 0.1002 0.1365 -0.1066 -0.3740 0.3083 -0.6386 0.4115 -0.1235 
150.6987 -7.8418 3.8869 4.8388 4.4120 -4.3280 -3.3507 0.7764 -2.1219 -0.9295 0.6806 -5.3700 3.9225 0.3100 -1.9188 3.2439 -1.6452 2.4581 -0.8567 -0.4145 1.0389 -0.5978 -0.2360 -0.8542 0.0279 0.0698 -0.2773 -0.3150 -0.3930 -0.2690 0.4004 0.7572 -0.3561 0.4095 -0.4238 -0.1367 -0.3196 -0.4761 0.3820 -0.0805 
164.4679 -3.8076 -0.2683 5.8709 4.1508 -5.3646 -3.2761 -0.4159 -1.9541 -1.2464 0.1027 -4.6186 3.0692 0.8379 -1.7460 2.6008 -1.6304 2.2038 -0.8378 -1.1943 0.2360 -0.7334 -0.2614 -0.6369 0.0938 0.3588 -0.6517 -0.2489 0.1592 -0.2483 -0.0394 0.4275 -0.5351 0.0517 -0.0531 0.1766 0.7128 -0.0123 0.3329 -0.3417 
167.3827 -3.6757 -1.3324 4.2516 4.3534 -5.9725 -4.4787 -0.3534 -2.0388 -1.6499 0.7283 -4.0376 2.5069 1.0897 -2.2244 2.7849 -2.8134 2.3725 -1.0683 -0.9964 0.1138 0.3593 -0.0818 -0.2221 0.5087 0.8613 -0.9932 0.2869 0.0136 0.4008 -0.6992 0.9717 -0.4794 -0.0265 0.3793 0.0401 0.8784 0.2408 0.4402 -0.3403 
173.8572 -5.0799 -3.2115 4.2057 3.9389 -5.9919 -5.0003 -0.1988 -2.8934 -0.7781 1.4917 -3.7087 3.0686 1.4571 -2.3337 3.3968 -2.2131 1.6330 -0.2188 -1.3984 0.5989 -0.1695 -0.2054 -0.9515 0.3736 1.0340 -0.7270 0.0022 0.2136 0.1258 -0.6035 1.2546 -0.3168 0.5034 0.2763 -0.0146 0.7489 0.7037 0.4451 0.1194 
172.4261 -2.8283 -2.6527 2.3444 4.0525 -5.1878 -6.2856 0.3149 -3.0597 0.0683 0.6870 -2.5289 2.6962 2.0492 -2.7176 2.8777 -2.1905 1.7758 -0.7163 -1.7126 0.2398 0.2834 -0.3405 -0.5475 0.6781 1.1425 -0.3789 0.6017 -0.2417 0.3140 -1.4559 0.7143 -0.0913 0.4924 0.6984 0.2978 0.7812 0.0232 0.0896 0.0931 
175.2350 -3.3976 -3.1876 1.8954 3.5869 -4.8449 -7.4317 0.3435 -2.9354 0.3923 0.8151 -1.6364 2.6284 2.0355 -2.2809 1.9168 -1.9177 1.6904 -0.0000 -1.8351 -0.3646 0.4627 0.5393 -0.2930 0.4839 0.7734 -0.8409 0.9816 -0.4782 0.3675 -0.8076 0.5918 -0.2295 0.5208 0.1947 0.7273 0.7429 0.1908 0.6189 -0.2556 
177.7517 -2.0978 -4.4038 1.3896 2.4292 -3.8558 -8.0016 0.7199 -3.5665 0.5552 1.6286 -1.3463 2.3124 2.1564 -2.5600 1.9255 -2.4556 0.8615 1.2441 -1.9327 -0.4543 -0.0847 1.6541 -1.6409 0.8016 0.6946 -0.2910 0.5558 -0.2748 0.6404 -0.9765 1.0141 -0.6243 0.4955 0.4431 0.2115 0.8199 0.4318 0.5054 -0.1687 
178.4667 -1.2441 -4.1046 -0.5142 2.6360 -3.3879 -8.1946 0.8879 -3.0282 1.0109 1.4501 -1.3450 2.0585 2.1388 -2.3309 2.1972 -3.0744 0.7626 1.0412 -1.6142 -0.3111 -0.3071 2.1943 -1.6148 0.4258 0.5096 -0.6783 0.2487 0.2740 0.6437 -0.3641 1.1128 -0.7827 0.1884 0.3624 0.0206 0.8440 0.2951 0.6217 -0.1729 
176.1413 0.1407 -4.1603 -0.9793 1.4503 -2.1447 -8.7679 2.6097 -3.6768 1.4373 2.2194 -2.4119 1.9919 1.8988 -2.0134 1.3792 -3.6268 0.9492 0.9144 -0.8238 0.5453 -0.5238 1.9837 -1.1700 -0.3743 0.0096 0.0930 -0.1859 0.2815 0.6135 0.2745 0.3903 -0.3838 0.5727 0.1832 -0.1410 0.5248 0.2918 0.2339 0.2595 
176.8476 0.0484 -3.8867 -1.7244 0.9732 -2.2302 -7.8416 2.0608 -3.5085 2.4914 1.6387 -2.3761 1.9053 1.1088 -1.8837 0.9957 -3.5925 0.3920 1.3965 -0.4978 0.7373 -0.5226 1.5996 -1.2600 0.2391 -0.0201 -0.3065 0.1343 0.3374 0.0151 0.1430 0.4327 0.2210 0.5260 0.1362 0.4820 0.0997 -0.1122 0.5498 -0.4183 
177.5175 0.7636 -3.6327 -3.2453 1.7865 -2.3225 -7.6272 0.6451 -1.7671 1.9483 2.6665 -2.4834 0.1082 0.5804 -0.7642 0.5881 -2.8022 -0.1899 0.9299 0.7824 0.1012 -0.7382 1.6344 -0.7454 -0.2627 0.0371 0.0280 0.0136 -0.0364 -0.1775 0.7282 0.1967 0.4985 0.0668 0.3782 0.3738 0.4844 -0.0907 -0.0552 -0.2079 
181.0018 0.4976 -5.0952 -2.1080 0.3305 -2.2193 -6.8384 1.0606 -1.8013 1.0395 3.1593 -2.1963 -0.2977 1.2920 -2.6088 0.9940 -2.2875 -0.6181 2.6176 -0.3085 -0.1825 0.1948 0.8419 -0.8003 0.2468 -0.2742 0.0000 -0.5753 0.7384 -0.6475 0.3918 0.3751 0.5389 0.0963 0.5051 0.6198 0.1553 0.0558 -0.0409 -0.0112 
182.0009 0.5096 -5.7606 -1.6457 0.2534 -2.6941 -7.2635 2.2781 -3.0009 1.8761 3.3386 -2.7811 0.0785 0.3627 -2.2366 1.4511 -2.2276 -0.7394 2.1474 -0.0932 0.8557 -0.9392 0.9361 -0.9281 0.9363 -0.7487 -0.1153 -0.4095 0.0473 0.5433 -0.2482 0.4309 0.2439 0.7036 0.3669 0.3168 0.1097 -0.0968 0.1267 -0.0040 
182.4799 1.0916 -6.1035 -2.2955 -0.1837 -2.6599 -6.2934 1.8802 -3.9341 1.7956 4.3151 -2.3573 0.0490 0.1395 -2.3947 1.8040 -2.8523 -0.4405 2.1192 0.0954 0.3383 -0.3565 0.2923 -0.1318 0.6355 -0.6382 -0.1464 -0.7116 0.7345 0.0363 -0.1447 0.3577 0.3883 0.4986 0.7200 -0.1140 0.1650 0.4461 -0.1181 -0.1183 
181.5786 1.3223 -5.0063 -3.5633 -0.3566 -2.0474 -6.9120 1.9454 -3.5163 1.5620 4.4354 -1.4804 -0.7625 0.9596 -3.1882 2.2624 -2.7256 -0.9194 2.5087 -0.4774 0.2903 0.3700 -0.0817 0.0419 0.3204 -0.5498 -0.1514 -0.7161 0.2909 0.6214 -0.4994 0.8288 0.1126 0.2695 0.8846 -0.1686 0.2155 0.6233 -0.2448 0.1028 
180.3543 2.2041 -4.9042 -4.9586 -0.4727 -1.7972 -6.6302 2.2247 -3.6137 0.8846 4.7194 -1.5148 -1.3476 0.3965 -2.4101 2.5289 -2.3493 -1.3094 1.7512 0.1740 -0.4512 0.7638 -0.0494 -0.3115 0.6853 -1.1350 0.2794 -0.5855 -0.0532 0.2452 0.1438 0.6045 0.6390 -0.2363 0.9103 0.0533 0.2122 0.1507 -0.0784 0.0839 
180.5872 2.3761 -4.9901 -4.5729 -0.4327 -2.0962 -6.8814 2.1631 -3.7182 0.7569 4.1275 -0.5206 -1.8545 1.0146 -2.7769 2.0405 -1.5149 -1.9162 2.0711 -0.6053 0.0443 0.3665 0.4030 -0.8584 1.1131 -0.5701 -0.5750 -0.4249 0.5613 -0.0083 -0.0744 0.3948 0.2369 0.1451 1.0145 -0.0793 0.1008 0.7214 -0.5246 -0.0068 
178.4752 2.4669 -4.5751 -3.9854 -0.9919 -0.9226 -7.6078 2.3919 -4.0623 0.7139 4.2019 -0.8293 -1.2946 0.7175 -2.7017 2.7948 -1.8718 -1.7979 2.1598 -0.2931 -0.1240 0.7740 0.3524 -1.4108 1.2969 -0.4172 -0.5322 -0.5999 0.4592 0.1757 0.1408 0.0508 0.4617 0.4635 0.8356 -0.1079 0.2909 0.3110 -0.1948 -0.2365 
179.7914 1.6824 -4.6893 -3.5901 -1.2249 -0.5542 -7.3168 2.2838 -3.7625 0.5747 3.9788 -0.7902 -1.2352 0.9361 -2.0192 2.2103 -1.6535 -2.6166 1.8776 -0.1660 -0.4843 0.6949 0.7635 -1.3248 0.8909 0.0630 -0.5948 -0.3284 0.0254 0.0416 0.3739 -0.2074 0.8760 0.6066 0.1832 0.1423 0.1984 0.1332 0.4063 -0.2692 
178.3474 1.0764 -3.2197 -3.6559 -1.0440 -1.2379 -6.6665 1.6275 -3.6804 0.1184 3.4901 -0.2831 -1.5671 1.3891 -2.5273 2.5676 -2.2532 -2.4104 1.7345 -0.4103 -0.0291 0.4698 0.2921 -0.6694 0.7486 -0.7149 -0.1610 -0.5837 0.3230 0.5999 -0.3547 0.3535 -0.1954 0.6492 0.3048 -0.3355 0.7058 0.0298 -0.4595 0.0064 
174.1586 0.9539 -1.8513 -3.7278 -1.3121 -0.8182 -6.2374 1.5506 -3.8820 -0.3158 2.6170 -0.5460 -1.0056 1.0427 -1.7856 2.5205 -2.4007 -2.3892 1.4468 -1.0759 -0.5062 0.4958 0.5317 -0.9513 1.4737 -0.7303 -0.2978 -0.7773 0.5133 0.1740 -0.5833 0.3146 0.0740 0.6351 0.2310 -0.2126 0.1039 0.6500 -0.7293 0.1992 
169.6039 0.3439 0.3388 -1.9780 -1.7678 -0.6623 -6.0087 1.1604 -4.1205 -0.6109 2.7938 -0.1734 -1.7730 1.6155 -2.1120 2.8450 -2.2133 -1.7903 1.7158 -2.4915 0.1928 1.2844 -0.7272 -0.7951 0.9538 -0.8500 0.3100 -0.8425 0.3652 -0.1822 -0.0639 0.2328 -0.0821 -0.1576 0.2652 0.1581 -0.2000 0.1678 -0.3836 0.1899 
162.3066 -1.7957 2.2850 -0.7762 -1.6549 0.8024 -6.2901 0.1938 -3.6839 -0.2011 3.0313 -1.3934 -2.1684 1.2757 -0.9724 3.9054 -2.0231 -1.7637 0.8455 -0.9282 -0.2503 0.4056 -0.3210 -0.1241 0.2333 -0.9945 1.0839 -0.4207 0.2038 -0.5054 -0.1758 -0.1081 0.4772 0.0591 -0.0238 -0.2712 -0.0995 -0.3593 0.3784 0.0905 
157.4138 -5.1715 0.6705 1.9098 -2.0756 1.7072 -2.9861 -1.7540 -2.3748 0.0588 1.5128 0.9361 -0.7700 0.9353 -0.4867 1.9014 -1.1579 -0.3570 0.2737 -0.9001 -1.2347 0.1560 -0.3922 0.2537 0.8219 0.2523 -0.2632 -0.1766 -0.3141 -0.3878 -0.0124 -0.2638 0.5747 0.0287 0.1270 -0.1261 0.2053 -0.3951 -0.2065 0.3704 
163.3683 -11.5392 0.5395 2.8992 -5.1554 -0.2793 -2.0170 -1.1967 1.1931 -0.1952 0.9054 0.4801 -1.0334 0.3542 -0.0603 -0.0215 -1.4243 -0.4050 1.0329 1.0074 -1.0109 0.1121 -0.4083 -1.2908 1.5236 0.1684 -0.2005 -0.0069 -0.0877 -0.1093 -0.6742 -0.3541 0.2510 0.4029 0.2284 0.4843 -0.1083 0.2575 -0.3739 0.0049 
168.5823 -19.5786 -1.3212 2.9371 -5.7451 2.4028 -0.4461 -2.4107 1.9502 1.1490 0.0819 -0.7890 -0.3215 -0.6808 -0.3232 0.8982 0.8778 -0.6030 1.0843 1.1213 -0.4198 0.5210 -0.5779 0.3419 1.3834 -0.3650 -0.8709 0.2154 -0.5497 -0.1204 -0.6744 -1.1287 0.0514 0.3273 0.7791 0.2101 0.7465 0.4187 0.3519 0.0062 
172.5714 -23.0862 -1.7386 2.6549 -5.2260 0.7943 0.3196 -2.1156 1.9076 -1.2827 0.3743 -0.4159 -1.0663 -0.1529 -0.6665 0.6368 1.7605 0.6867 1.8767 0.1180 -1.6856 0.2406 -0.2184 0.1537 1.0785 0.0780 -0.2581 0.3948 -1.0764 -0.6466 -0.0835 -0.5866 0.2526 0.2030 0.0581 -0.0576 0.5290 0.4428 0.1828 -0.4569 
175.0890 -25.2006 -3.3312 2.0394 -5.2779 -0.7983 -0.5386 -1.8065 0.7579 -0.7285 -0.6866 -0.2880 -0.3405 0.3725 -0.2190 0.2831 0.8375 -0.0513 1.8921 0.3086 -2.0680 0.6959 -0.4489 0.5784 1.1795 -0.5631 0.0218 0.7424 -0.8430 -0.3294 0.0869 -0.9899 0.0476 -0.0744 -0.2424 -0.1495 0.1621 -0.3069 0.1670 -0.7478 
175.9363 -25.4217 -1.1702 2.9597 -6.8811 -0.5853 -1.0366 -2.2771 1.0386 -1.1344 -1.4044 -0.2198 -0.1622 0.9866 -0.1660 1.2177 0.5115 -0.7357 1.5073 0.2550 -0.8562 0.5514 -0.3634 -0.0557 0.7676 -0.8191 -0.0986 0.6966 -1.0921 0.1727 -0.0785 -1.2166 -0.1461 0.5876 0.6995 0.2178 -0.1859 -0.2409 0.4452 -0.1081 
178.3660 -25.1215 0.7788 4.1932 -5.8961 1.3833 1.0742 -2.7982 1.8982 -0.5354 -1.0024 0.2387 -0.0636 0.1959 0.0816 0.4144 -0.6277 -0.3186 1.1563 -0.6768 -0.8218 1.1418 -0.5537 0.3842 1.5082 -0.7833 -0.1734 0.8947 -0.5170 -0.1278 0.5651 -0.0976 0.3699 -0.3281 -0.1307 -0.2444 -0.0167 0.1616 -0.1955 -0.1869 
178.4547 -26.0643 0.7088 3.1982 -6.0216 1.7958 0.4531 -3.7605 0.3696 -0.8701 0.8173 -1.0961 0.1668 0.8376 0.3469 0.1104 0.6675 -1.1772 -0.3046 -0.4184 -1.4715 0.8485 -0.2687 -0.0804 0.5564 -0.0543 0.6264 0.9147 -0.3086 0.6784 0.4462 -0.0598 0.7291 -0.8153 -0.3537 0.3204 -0.0018 0.1384 0.5014 0.4153 
175.8938 -27.1344 0.3597 2.6993 -6.1347 0.0967 1.3375 -4.0090 1.3474 -0.5672 -0.6695 -1.4955 0.1156 1.0372 0.5598 0.7598 1.0195 -1.0059 -0.2256 -0.9173 -1.3024 0.5650 -0.7920 0.4258 0.9083 0.6719 -0.2452 0.3976 -0.9805 -0.0101 -0.0320 0.4355 0.8464 0.4289 -0.2121 0.3253 0.0984 -0.1647 0.0060 0.1136 
171.6116 -29.7425 -2.0678 0.0988 -8.1651 -0.2849 -0.0372 -5.1457 1.0310 -1.4320 -0.3340 -0.0339 -0.6560 0.8007 0.6176 0.9885 0.8568 -0.9460 -0.2369 -0.1254 -1.5152 1.1500 -0.5598 0.3259 0.5644 -0.3593 -0.5683 -0.0895 0.1057 -0.5789 -0.5096 0.4474 -0.3852 0.0497 -0.9410 -0.1818 0.4483 -0.3478 -0.0415 -0.4709 
172.3316 -25.9810 0.1838 2.5667 -4.6066 0.5632 1.6786 -4.6782 1.9822 -0.2108 0.0806 0.7550 -0.1454 0.0415 -0.5631 0.5187 -0.1720 0.2305 -0.4746 0.1600 -1.4958 1.0548 0.3601 0.8795 0.9808 0.2828 -0.8461 0.5274 -0.7500 -0.7067 -0.3125 -0.4041 0.4600 0.2507 0.0474 0.1337 0.7046 -0.0926 -0.2434 -0.3627 
166.5778 -30.1613 -1.6707 0.4416 -8.6876 -1.0604 0.9717 -4.6956 1.9179 -0.9907 -2.0654 -1.5214 -1.1884 -0.2235 -0.5550 -0.0570 -0.7247 -0.4406 0.4990 1.1159 -1.1075 0.8534 0.2254 -0.6110 -0.2720 -0.3767 -1.0190 0.4838 -0.6901 -0.6637 0.2030 -0.3376 -0.2311 0.2442 -0.2412 -0.2641 0.2455 0.3921 0.5331 -0.5174 
167.5788 -29.9857 -2.2567 2.5607 -5.6589 -0.1736 3.1371 -2.8540 3.1084 0.0909 -0.8460 -0.2011 -0.7177 -0.0655 0.4914 -0.5123 -0.0405 0.1794 -0.7270 1.1077 -1.8154 0.0486 0.3792 -0.2334 0.0272 0.2629 -0.5764 0.1455 0.2682 0.2485 0.3553 0.0874 -0.6329 0.2168 -0.0168 0.4506 0.8403 0.3322 0.3575 -0.0558 
169.2143 -27.5807 -0.0880 2.2626 -5.8596 0.7791 3.3207 -2.9311 0.8922 -1.5351 -1.9771 0.3242 0.6381 0.5058 0.4092 0.4799 0.3011 0.7979 -0.3824 1.4647 -1.4630 -0.0687 0.1177 -0.8606 -0.2147 0.9401 -0.6702 0.7442 0.1960 0.1224 -0.0553 -0.0602 -1.0080 0.0217 -0.4935 -0.0192 0.5127 -0.1386 -0.2498 0.1505 
167.1171 -26.8489 -0.7860 2.2441 -5.2253 -0.3375 0.9689 -4.1185 -0.1426 -0.7351 -0.7676 0.1669 -1.0801 -0.1328 0.4215 1.1670 0.6446 0.0549 -0.7748 1.3761 -0.2991 1.1302 0.8621 -0.1618 -0.5709 0.0908 -0.9833 -0.0421 0.0438 -0.0270 0.4021 0.4834 -0.6959 0.0732 0.2420 0.0292 0.0877 -0.4797 -0.5251 -0.4162 
166.6711 -24.4890 -1.2109 3.0883 -5.2746 0.4980 1.5818 -3.5557 1.6390 -0.1702 -1.4612 0.9068 0.3559 -0.1803 -0.0647 0.2710 1.0370 0.6622 -0.2623 0.7933 -2.0671 -0.6652 1.0746 0.7142 -1.0749 0.8217 -1.2831 -0.2353 0.6115 0.0677 1.0347 -0.1578 -0.4833 -0.1278 -0.1790 -0.7983 0.5195 -0.0174 0.0055 -0.2212 
165.4969 -26.6893 -2.4988 2.9995 -6.9027 -1.8406 0.2873 -3.6244 0.2368 1.2382 -1.2054 0.4551 1.2768 -1.1942 0.3940 1.0073 0.4647 0.4686 0.1597 0.1678 -0.9742 -0.7269 0.7861 1.0832 -1.2872 -0.3363 -0.8744 0.1027 1.1708 0.5349 0.6097 0.5066 -0.0379 0.3784 0.4941 -0.4442 0.6637 0.2975 0.0089 -0.6256 
165.9059 -25.4658 -3.6007 1.7788 -4.8606 -1.2974 0.8066 -3.5320 -0.4225 0.6566 -0.4842 -0.1084 0.6078 -0.4821 -0.0113 1.1696 0.1107 -0.8614 -0.4148 0.7062 -0.7030 0.5236 1.1795 0.8390 -0.5717 0.5643 -1.2451 -0.2570 -0.0096 -0.7915 -0.6495 -0.7391 -0.4935 0.4379 0.1862 -0.4125 -0.2690 0.1723 0.1704 -0.7300 
162.9492 -23.4877 -3.9340 0.9772 -4.7913 -1.6142 0.9240 -2.8726 -0.9638 0.4075 -1.7254 -2.0319 -0.5618 -0.1926 0.8018 0.7127 -0.7931 -0.9833 -1.1163 1.3913 -1.3586 -0.7866 1.0837 0.5821 -0.6863 0.6062 0.0080 0.0865 -0.1464 -0.3273 0.0572 0.2865 -0.1812 -0.6646 -0.5108 -0.0447 -0.1148 -0.6894 -0.3392 0.0886 
159.2508 -19.4551 -3.9664 0.8251 -4.4959 -3.0027 -0.8887 -3.7518 -1.0654 0.4110 -1.0687 -1.0279 0.2648 -0.2855 0.3518 0.6894 0.2525 0.3736 -0.2546 1.6055 -2.1732 0.1779 1.4534 0.1680 -1.2767 0.4977 0.0102 -1.0203 0.1429 0.2711 -0.5167 -0.2186 -0.1730 -0.0075 0.0651 -0.6986 -0.0984 -0.2381 -1.3182 -0.3159 
156.4047 -10.2913 -3.5202 1.5432 -1.7297 -1.6712 -0.2201 -1.0918 -0.1933 -1.3071 0.4089 -0.6495 -1.8518 -0.9861 0.6886 0.9407 -0.8823 -0.4554 -0.6281 -0.1423 -2.1849 0.2479 2.1127 0.9730 -1.1938 -0.2692 -0.5410 -0.3734 0.3942 -0.7024 -0.4691 0.3620 -0.4030 0.4628 0.1718 -0.0082 -0.0513 0.1117 -0.5003 0.0886 
137.8166 -8.6395 -3.4907 2.6362 0.0697 -0.9021 2.0593 -0.3779 -0.1308 -1.9982 -1.4539 -0.0856 -2.0983 -1.9895 0.5645 0.0115 0.1054 -0.1354 -1.5011 -0.1953 -0.2921 0.1661 1.3034 0.9868 -1.9634 -0.2751 -0.6742 -0.5856 0.5058 -0.0234 -0.3329 0.0046 -0.0593 0.0936 -0.6221 -0.5368 -0.0643 -0.5712 -0.0530 0.2569 
127.4787 -6.3479 -2.6760 1.8147 -1.8291 -0.8915 1.3719 0.4628 1.4494 -2.0352 -1.8711 -0.2458 -3.0171 -2.5979 0.9227 0.3806 0.0137 -0.7247 -1.2368 0.9239 -0.9778 -1.6036 0.2542 0.7403 -1.3683 0.0373 0.7491 -0.8274 -0.5111 0.1022 -0.0352 0.9353 0.1966 0.0671 -0.0746 -0.5087 -0.2329 -0.7957 0.6973 0.4191 
122.4671 -6.0226 -6.2763 -2.1535 -2.0867 -2.5041 0.5873 1.7282 3.1804 -0.9793 -0.6064 1.0612 -2.2924 -1.2371 1.4532 1.0166 0.0345 -0.4645 -1.0391 1.0861 -0.6928 -1.7964 -0.3983 1.5899 -0.3132 0.0497 -0.8894 -0.5627 -0.4265 -0.0629 -0.3595 -0.0567 0.9047 0.1647 0.8530 -0.3527 0.6992 0.1182 0.1067 0.0848 
115.3314 -6.6402 -6.9347 -3.1670 -1.2858 -3.4145 0.9530 2.6909 2.5948 -2.0228 -0.5425 0.5817 -0.7350 -0.4294 2.0348 0.2221 0.4234 -0.0368 -0.2663 1.7349 0.1138 -0.5236 0.2735 1.1232 -0.8783 0.3048 0.2039 0.1952 -0.2414 -0.2165 -1.1662 -0.3740 -0.0025 -0.4304 0.1358 -0.2601 -0.3713 -0.5094 0.4681 -0.3512 
113.0607 -6.0486 -5.2315 -1.4608 -0.8290 -4.1502 0.6039 1.9673 1.7815 -3.1423 -2.0084 -1.4926 -2.3934 -1.9605 1.3207 -0.2564 -0.2809 -0.2200 -0.7675 0.7948 0.0177 -1.1317 0.8158 1.3457 -0.3390 0.0985 -0.0020 0.7326 -0.2701 0.3400 -0.3487 0.1863 0.4647 -0.5981 -0.5254 0.2210 0.9713 0.0968 -0.0595 -0.0298 
108.7175 -7.6516 -5.8755 -0.3834 -0.2625 -3.8936 -0.1621 2.2986 0.8076 -2.8576 -0.8783 -1.0735 -2.9707 -1.6148 1.1581 -0.3309 -0.6235 -0.3100 -0.5466 0.2904 -0.1041 -1.0861 -0.0156 0.5174 -0.0782 -0.3686 -0.7063 0.6222 -0.4128 -0.3940 0.2231 0.7205 -0.3320 -0.1692 0.1282 0.2502 0.1559 0.1144 -0.1691 0.9246 
103.3220 -10.0148 -7.3807 -0.9813 -1.2737 -3.5603 0.4899 0.7152 1.5126 -1.1929 -0.5090 0.0391 -2.0364 -0.9273 1.8785 0.6669 0.8261 0.7089 -0.0576 0.2567 0.2893 -1.1535 -0.4367 -0.0677 0.8769 0.7956 0.0090 0.6636 -0.7807 -0.4824 -0.4917 -0.2291 -0.4242 0.1597 -0.4616 -0.4831 0.0186 -0.0305 -0.7790 0.6066 
101.0528 -7.7530 -5.8431 -0.8592 0.7655 -2.6382 1.9780 1.3077 1.1829 -0.1952 -1.7477 -0.9058 -2.2278 -1.0612 1.3597 0.5812 1.0428 -0.1163 0.5207 0.9474 -0.0506 -1.6563 -0.2029 1.5027 0.2091 0.4889 0.0317 -0.3677 -0.7301 -0.5447 0.1642 0.5811 0.8561 0.2178 0.0166 0.1189 -0.2808 -0.0897 -0.2554 0.2792 
96.8585 -8.5970 -4.6042 -0.4261 1.1227 -1.1706 1.0561 1.7236 0.7051 -2.6720 -3.4694 -1.1867 -1.2572 -2.6702 0.0429 0.3573 -0.3944 -0.4644 0.7820 -0.3762 0.3511 -0.2018 -0.0065 1.2931 0.5023 0.2928 0.2707 0.1542 -0.1810 0.4968 0.7628 0.6152 0.1336 -0.3678 0.5222 0.3129 -0.0060 -0.9947 -0.7716 -0.0432 
93.6173 -9.6466 -4.8651 0.0583 2.3080 -0.7616 1.1309 1.6469 0.5943 -2.1913 -2.2145 -1.5485 -1.3652 -1.6530 -1.1634 -0.2821 -0.7738 -1.2190 -0.5326 -0.3030 0.4223 -0.9409 0.1212 1.2926 0.2332 0.3392 0.4005 -0.2299 -0.0587 0.5361 -0.2218 0.6713 -0.4608 -0.7183 0.2175 0.2490 0.0239 -0.2328 -0.5046 0.3229 
91.7890 -9.1985 -3.6147 1.8232 2.9912 -1.9610 0.3812 1.8277 2.1607 -1.7590 0.1377 0.7402 -0.2784 -0.2272 -0.1769 0.3414 -1.3176 -0.0994 0.8515 -0.0581 0.0335 -0.6895 -0.6672 0.3343 0.5629 -0.5120 -0.6806 0.4119 -0.0168 0.0890 0.1637 0.5019 -0.7069 -0.5246 0.3312 0.3196 -0.9026 -0.4382 -0.3782 -0.1453 
89.4846 -10.1940 -3.0294 0.7119 1.7320 -1.2377 0.4364 0.6450 1.2264 -1.5862 -1.3664 0.6829 0.3184 0.1516 0.4285 -0.6867 -1.3807 0.4522 -0.0601 -0.6559 0.3436 0.1063 -0.7918 0.1767 -0.1313 -0.1118 -0.2047 0.2413 0.6185 -0.0386 0.0475 0.1384 0.3286 -0.6559 -0.1234 -0.4444 -0.5762 -0.2348 -0.3168 0.1393 
88.7302 -10.2348 -2.6265 2.3286 2.5476 -0.6826 -0.2846 0.0291 0.7135 -2.3718 -3.0970 -0.9402 -0.5230 0.1945 0.2580 -1.0266 -1.1950 -0.5419 0.3661 0.9984 1.2934 0.3051 -0.1620 0.7351 0.5699 0.6408 -0.1171 0.0119 0.4109 0.1018 0.6167 0.8349 0.0039 -0.4465 0.3679 0.4001 -0.3003 0.5412 0.0994 0.4293 
88.0187 -9.9417 -2.3201 1.3673 3.0234 0.1214 -0.1188 -0.4603 0.2225 -2.8265 -1.2649 1.0771 -0.7373 -0.7392 0.7814 -0.4806 -1.0113 -0.0237 0.8588 -0.7056 0.7528 -0.1774 -0.0111 0.9531 0.0744 -0.6452 -1.1817 0.0923 0.2869 -0.1485 0.4402 0.7201 -0.4225 -0.7098 0.2678 0.0146 -0.7601 -0.7386 0.2117 0.2522 
87.5496 -10.5100 -1.0087 1.9961 2.8328 -0.0022 1.8160 0.8180 -0.2325 -2.6835 -0.5404 0.5478 -2.0242 -1.4247 -1.1907 -0.6077 -1.3539 -0.5779 0.0698 -0.6863 0.0101 0.0810 -0.4688 -0.6221 0.5503 0.4106 -0.6693 0.3275 0.3840 -0.5642 0.6294 1.7088 0.0247 -0.8770 -0.3325 0.1770 -0.6291 -0.6928 0.0893 0.1859 
85.5411 -9.7238 -0.3163 0.6604 2.7693 0.1008 1.0357 -0.0092 1.0098 -1.7033 -1.0033 -0.6688 -1.1191 -1.5865 -0.6026 1.8127 0.1401 -0.5607 -1.0961 0.1494 1.1246 -0.2473 -1.2318 -0.6819 -0.0971 0.7275 0.6875 0.7477 0.6169 0.3748 -0.2055 0.2267 -0.1765 -0.0920 -0.2137 -0.0523 -0.6310 -0.1514 -0.5540 -0.3239 
86.1103 -10.3133 -0.0442 0.6016 1.2189 -0.8732 0.7637 -0.8714 -0.2479 -2.0411 -0.8357 -0.5415 1.0174 -0.4945 -0.6204 0.7751 0.5173 0.5504 -0.3055 -0.2365 0.4164 0.5353 0.3320 -0.4038 0.1007 1.0094 0.3738 -0.2157 0.1108 0.7618 0.2407 0.0617 -0.1114 0.1173 0.7881 0.3040 -0.0732 0.0618 0.1427 -0.1428 
84.5084 -11.0316 0.1005 -0.6598 0.0372 -0.1521 2.1083 0.7825 1.1949 0.5063 1.1797 -0.6439 -0.8727 -1.9031 -1.1566 -0.2957 -0.9763 0.4088 0.4969 -0.5425 -0.7920 0.1838 1.1877 0.4753 -0.4923 0.1321 -0.0020 -0.5038 -0.6844 0.0227 -0.6080 -1.0457 -0.2071 0.2937 0.1846 0.2704 0.4213 0.1726 0.3234 0.3041 
81.9979 -13.9701 -0.8394 -0.6341 0.6079 0.5501 0.9442 -0.4124 0.5825 -0.6204 0.3018 -0.1055 0.1066 -1.1661 0.7532 1.0666 0.4438 0.5598 -0.3054 0.2646 0.3920 -0.7015 0.7968 0.7561 -0.3189 0.3816 -0.2369 -0.4096 -0.5668 0.2246 -0.3318 -0.2368 0.2827 -0.2906 -0.2822 -0.2621 0.0675 -0.4856 -0.3259 -0.1897 
80.0510 -13.4458 -0.5746 -0.2584 -0.3141 1.0755 1.8011 0.0690 1.4444 -0.1949 -0.0341 -1.1158 0.1081 -1.2291 0.3370 1.5756 0.8039 0.6677 -1.5533 -0.8834 -0.0160 -0.1412 1.0130 1.1996 0.7575 0.6905 0.0068 -0.0242 -0.0996 0.5622 -0.3029 0.4194 -0.1056 -0.5053 -0.3563 0.0159 0.7138 0.2594 -0.3834 -0.3031 
81.8929 -10.5429 -0.7342 -0.5191 -1.3415 0.0398 0.4313 -1.1802 -0.3217 -0.9032 -0.1500 0.1669 1.0178 -0.4167 -0.3024 -0.1242 0.3204 1.0169 -0.1959 -0.5522 -0.0698 0.3459 0.4666 0.2225 0.1717 0.9958 0.5749 0.4942 -0.3525 0.5585 -0.1498 0.5495 0.1064 -0.2349 -0.2619 -0.1322 -0.1706 -0.3239 -0.2080 0.3775 
80.2858 -13.0050 -2.5503 -1.4287 -0.1001 0.9726 2.1860 -0.6531 0.4627 0.1507 -0.2336 -0.0384 -0.2353 -0.2633 0.0643 1.3886 0.0126 0.5376 1.9571 -0.0077 0.4159 1.1639 -0.7139 -0.2666 -1.0785 -0.3116 0.6663 0.2238 0.5481 -0.1030 -0.9701 -0.0176 0.0957 -0.5044 -0.3574 0.2042 -0.5384 0.0556 0.0792 -0.1917 
82.4229 -11.6508 -2.8403 0.3223 0.9338 0.7712 -0.4624 -2.1105 0.2026 0.3424 0.8193 1.6585 0.5345 0.0701 0.5185 0.4579 -1.0708 0.0033 -0.2729 -1.7249 -1.4896 0.5079 0.3859 -0.2420 -1.3907 -0.9565 0.2445 0.4331 -0.4849 0.0369 -0.0322 0.1366 0.5952 -0.0618 0.0624 0.2611 0.0534 0.8470 0.4191 -0.1281 
82.3964 -10.4482 -1.8265 -0.1820 0.5036 -0.7807 -1.5980 -0.8759 0.8414 0.5743 0.5566 0.6897 0.0072 -0.2039 -0.1782 -0.0142 -1.6378 0.3026 0.4807 0.3039 1.0562 0.7941 0.1920 0.6659 -0.4239 -0.1054 0.1484 0.0554 0.1578 -0.1475 -0.1893 0.3019 0.5209 -0.0099 0.1149 0.2166 -0.1613 0.4366 0.7241 0.0494 
86.1472 -12.5529 -0.7616 1.9697 -2.9187 1.0243 -1.0391 -1.5537 2.0079 -0.3390 2.7551 0.8351 -0.2137 0.1317 -0.6050 1.4252 -0.6379 -1.4490 -0.5057 -0.6415 0.6782 1.5689 0.1086 0.7832 -0.8060 -0.6410 0.8310 -0.4544 0.7162 0.5001 -0.4091 -0.3339 0.0335 -0.2824 0.1636 -0.3540 -0.1174 0.0756 0.4487 0.2768 
95.9082 -18.5073 -1.2037 6.1483 -4.7786 1.8109 -0.7906 -1.0875 3.5035 -1.9336 3.3713 -0.8694 -3.4424 -0.2037 -2.6338 2.2062 0.3836 -0.1867 -1.0302 -1.3057 0.6451 1.4119 0.1908 1.5204 0.2462 0.4961 0.1151 -0.4033 0.3105 0.0411 -1.1450 0.4006 0.2064 -0.0151 0.4631 0.2215 -0.0571 -0.1827 0.1270 0.5124 
91.2080 -14.7706 -1.3487 2.5536 -4.4922 1.2241 -0.9175 -0.8196 2.9522 -1.9548 2.1035 0.3475 -0.5182 1.0001 -1.5293 0.8754 -0.3478 -1.0944 -0.9115 -1.5677 0.0102 0.3588 -0.7072 0.9621 -0.1189 0.9809 0.6304 -0.3550 0.5111 0.1163 -0.4983 0.3835 0.4653 -0.1546 -0.3672 -0.3734 -0.8796 -0.1546 -0.2283 0.1920 
86.6702 -13.6502 0.3140 1.5162 -2.2727 0.0370 1.0898 -0.9549 1.3464 -0.4082 1.4423 -0.8817 -1.0053 1.0849 -0.7117 -0.3520 0.3519 -0.8966 0.5933 -1.1355 1.0208 0.3716 -1.5356 0.0917 0.0180 -0.2120 0.1349 -0.1420 0.4218 0.2672 -1.3227 0.0500 0.4265 0.2245 0.2903 -0.0566 -0.2852 0.0243 -0.3041 0.6078 
84.0914 -14.0231 -0.9226 0.4259 -1.7895 -0.7705 1.2232 -0.7771 0.5145 -0.4965 1.9779 -0.7652 0.6175 1.1402 -0.3647 0.0089 0.2156 -0.2849 0.3269 -0.8325 0.5772 0.8299 0.3161 -0.3810 -0.7737 -0.0886 0.0202 0.1270 -0.3645 -0.1213 -0.6155 -0.4604 0.1495 0.1040 -0.2552 -0.4245 -0.2139 0.4643 -0.1017 -0.7062 
